["entry2553_GPAX","GPA"],[
2.64,2.53],[
2.64,2.4],[
2.64,3.5],[
3.5,2.27],[
3.52,2.27],[
3.5,0],[
3.52,0],[
3.98,2.92],[
3.96,2.92],[
3.98,2.93],[
3.96,2.93],[
3.3,3.14],[
3.38,3.14],[
3.3,3.43],[
3.38,3.43],[
3.92,2.75],[
3.92,2.7],[
3.36,2.97],[
3.25,2.97],[
3.36,2.5],[
3.25,2.5],[
3.4,2.67],[
3.47,2.67],[
3.4,2.28],[
3.47,2.28],[
3.4,0],[
3.47,0],[
3.42,3.53],[
3.45,3.53],[
3.42,2.85],[
3.45,2.85],[
3.69,2.77],[
3.68,2.77],[
3.69,2.6],[
3.68,2.6],[
3.11,2.87],[
3.11,2.38],[
3.72,3.16],[
3.72,2.6],[
3.69,3.03],[
3.6,3.03],[
3.69,2.6],[
3.6,2.6],[
3.24,2.64],[
3.26,2.64],[
3.24,2.19],[
3.26,2.19],[
3.45,3.27],[
3.43,3.27],[
3.45,2.95],[
3.43,2.95],[
3.63,3.27],[
3.65,3.27],[
3.63,2.92],[
3.65,2.92],[
3.63,4],[
3.65,4],[
3.44,2.57],[
3.35,2.57],[
3.44,2.33],[
3.35,2.33],[
3.44,3],[
3.35,3],[
3.76,3.57],[
3.76,3.17],[
3.17,2.74],[
3.26,2.74],[
3.17,2.43],[
3.26,2.43],[
3.13,3],[
3.13,2.38],[
3.47,3.39],[
3.52,3.39],[
3.47,2.78],[
3.52,2.78],[
3.47,4],[
3.52,4],[
3.61,3.09],[
3.64,3.09],[
3.61,3.19],[
3.64,3.19],[
3.61,3.5],[
3.64,3.5],[
3.16,1.89],[
3.15,1.89],[
3.16,2],[
3.15,2],[
3.16,1.67],[
3.15,1.67],[
2.52,1.68],[
2.53,1.68],[
2.52,1.87],[
2.53,1.87],[
2.52,2.19],[
2.53,2.19],[
3.77,3.73],[
3.78,3.73],[
3.77,3.7],[
3.78,3.7],[
3.77,4],[
3.78,4],[
3.71,3.19],[
3.75,3.19],[
3.71,3.12],[
3.75,3.12],[
3.71,4],[
3.75,4],[
3.33,2.67],[
3.35,2.67],[
3.33,2.33],[
3.35,2.33],[
3.43,3.1],[
3.48,3.1],[
3.43,2.5],[
3.48,2.5],[
3.76,0],[
3.72,0],[
2.93,1.73],[
2.95,1.73],[
2.93,2.05],[
2.95,2.05],[
2.93,1.8],[
2.95,1.8],[
2.82,2.12],[
2.88,2.12],[
2.71,2.37],[
2.75,2.37],[
2.71,1.65],[
2.75,1.65],[
3.53,3.07],[
3.5,3.07],[
3.53,3.1],[
3.5,3.1],[
3.28,3.14],[
3.27,3.14],[
3.28,2.86],[
3.27,2.86],[
3.28,4],[
3.27,4],[
2.98,3.14],[
3.1,3.14],[
2.98,2.72],[
3.1,2.72],[
2.98,3.75],[
3.1,3.75],[
3.41,2.79],[
3.37,2.79],[
3.41,2.13],[
3.37,2.13],[
3.41,1],[
3.37,1],[
3.19,2.44],[
3.27,2.44],[
3.26,2.44],[
3.19,1.39],[
3.27,1.39],[
3.26,1.39],[
3.19,2],[
3.27,2],[
3.26,2],[
3.62,3],[
3.66,3],[
3.62,2.81],[
3.66,2.81],[
3.62,0],[
3.66,0],[
3.78,0],[
3.5,3.14],[
3.51,3.14],[
3.5,2.74],[
3.51,2.74],[
3.5,3],[
3.51,3],[
3.93,3.56],[
3.94,3.56],[
3.95,3.56],[
3.93,3.4],[
3.94,3.4],[
3.95,3.4],[
3.93,4],[
3.94,4],[
3.95,4],[
3.32,2.8],[
3.35,2.8],[
3.32,2.17],[
3.35,2.17],[
3.32,1.5],[
3.35,1.5],[
3.34,2.78],[
3.38,2.78],[
3.34,2.31],[
3.38,2.31],[
3.34,3],[
3.38,3],[
3.18,2.77],[
3.16,2.77],[
3.18,2.32],[
3.16,2.32],[
3.18,0],[
3.16,0],[
3.3,3.09],[
3.31,3.09],[
3.3,2.7],[
3.31,2.7],[
3.71,3.44],[
3.71,3.34],[
3.59,2.6],[
3.58,2.6],[
3.59,1.75],[
3.58,1.75],[
3.59,3.5],[
3.58,3.5],[
2.72,2.56],[
2.72,2.15],[
3.35,2.56],[
3.34,2.56],[
3.35,3],[
3.34,3],[
3.46,3.3],[
3.47,3.3],[
3.46,3.13],[
3.47,3.13],[
2.97,2.39],[
2.93,2.39],[
2.97,1.89],[
2.93,1.89],[
2.21,1.95],[
2.39,1.95],[
2.21,1.43],[
2.39,1.43],[
2.21,0],[
2.39,0],[
3.33,2.77],[
3.37,2.77],[
3.33,3],[
3.37,3],[
3.33,3.75],[
3.37,3.75],[
3.56,3.1],[
3.56,3.37],[
3.27,3.16],[
3.27,3.19],[
3.27,3.25],[
3.63,2.91],[
3.65,2.91],[
3.63,2.25],[
3.65,2.25],[
3.63,3.5],[
3.65,3.5],[
2.64,3.03],[
2.66,3.03],[
2.64,2.24],[
2.66,2.24],[
2.64,1.75],[
2.66,1.75],[
3.7,2.95],[
3.67,2.95],[
3.7,2.35],[
3.67,2.35],[
3.7,3],[
3.67,3],[
3.93,3.1],[
3.93,2.88],[
3.24,2.77],[
3.23,2.77],[
3.24,2.3],[
3.23,2.3],[
3.24,3],[
3.23,3],[
3.77,2.59],[
3.73,2.59],[
3.77,2.16],[
3.73,2.16],[
3.77,3.25],[
3.73,3.25],[
3.94,3.2],[
3.93,3.2],[
3.94,2.87],[
3.93,2.87],[
3.94,4],[
3.93,4],[
2.98,0.38],[
2.98,1.39],[
2.98,2.7],[
2.93,2.89],[
2.94,2.89],[
2.93,2.79],[
2.94,2.79],[
3.12,2.53],[
3.14,2.53],[
3.23,2.53],[
3.12,2.35],[
3.14,2.35],[
3.23,2.35],[
3.12,3.5],[
3.14,3.5],[
3.23,3.5],[
3.59,3.2],[
3.61,3.2],[
3.59,3.03],[
3.61,3.03],[
2.55,1.36],[
2.52,1.36],[
2.55,1.64],[
2.52,1.64],[
3.7,3.4],[
3.66,3.4],[
3.7,2.93],[
3.66,2.93],[
3.7,4],[
3.66,4],[
2.64,2.5],[
2.64,2.5],[
2.64,0],[
2.92,3.5],[
3.11,3.5],[
2.92,3.13],[
3.11,3.13],[
3.35,2.89],[
3.33,2.89],[
3.35,2.59],[
3.33,2.59],[
3.8,2.48],[
3.18,2.48],[
3.8,2.27],[
3.18,2.27],[
3.8,3.75],[
3.18,3.75],[
3.25,2.86],[
3.17,2.86],[
3.25,2.15],[
3.17,2.15],[
3.25,1.5],[
3.17,1.5],[
3.13,2.53],[
3.17,2.53],[
3.13,2.57],[
3.17,2.57],[
3.13,4],[
3.17,4],[
2.68,0],[
2.75,0],[
2.68,0],[
2.75,0],[
3.23,1.72],[
3.28,1.72],[
3.27,1.72],[
3.23,1.69],[
3.28,1.69],[
3.27,1.69],[
3.23,3.2],[
3.28,3.2],[
3.27,3.2],[
3.3,3.04],[
3.34,3.04],[
3.3,2.53],[
3.34,2.53],[
3.3,3],[
3.34,3],[
3.6,2.56],[
3.52,2.56],[
3.6,2.85],[
3.52,2.85],[
3.13,2.65],[
3.12,2.65],[
3.08,2.65],[
3.13,2.56],[
3.12,2.56],[
3.08,2.56],[
2.86,1.75],[
2.9,1.75],[
2.86,1.18],[
2.9,1.18],[
2.86,1.5],[
2.9,1.5],[
3.74,3.03],[
3.74,3.45],[
3.17,2.54],[
3.21,2.54],[
3.17,2.34],[
3.21,2.34],[
2.97,1.56],[
2.97,2.14],[
2.97,1.5],[
2.82,3.53],[
2.82,3.78],[
3.72,3.34],[
3.72,3.48],[
3.57,3.25],[
3.57,2.83],[
3.57,4],[
3.58,2.3],[
3.58,2.14],[
3.7,3.8],[
3.7,3.63],[
3.7,4],[
3.17,2.73],[
3.17,2.23],[
2.65,2.18],[
2.65,1.98],[
2.65,1.9],[
2.89,2.53],[
2.89,2.25],[
2.89,2.1],[
3.25,3.1],[
3.25,3.08],[
3.25,3.8],[
3.16,2.75],[
3.16,2.2],[
2.72,1.85],[
2.72,1.91],[
2.72,1.5],[
3.32,2.57],[
3.32,2.38],[
2.87,2.64],[
2.84,2.64],[
2.87,2.88],[
2.84,2.88],[
2.87,4],[
2.84,4],[
2.58,2.45],[
2.58,2.17],[
2.58,2.25],[
3.05,2.59],[
3.05,1.98],[
3.16,2.5],[
3.16,2.53],[
2.8,2.84],[
2.8,1.78],[
2.8,3],[
3.88,3.06],[
3.88,2.62],[
2.97,2.48],[
2.97,1.78],[
2.97,0],[
2.55,2.03],[
2.55,1.85],[
2.55,2.1],[
3.44,3],[
3.44,2.85],[
3.44,4],[
2.35,2.4],[
2.35,2.29],[
2.35,2.4],[
2.77,3.03],[
2.77,2.55],[
3.34,2.78],[
3.34,2.72],[
3.2,2.47],[
3.2,2.28],[
3.2,3.75],[
3.2,1.89],[
3.2,1.94],[
3.2,2.25],[
2.89,3.1],[
2.89,1.42],[
2.76,2.87],[
2.76,2.31],[
2.76,1.75],[
3.43,1.62],[
3.43,2.37],[
3.43,0.75],[
2.89,2.64],[
2.89,2.65],[
2.89,4],[
2.95,1.84],[
2.95,2.1],[
2.95,0],[
3.2,2.74],[
3.2,2.24],[
3.2,3.69],[
3.21,3.25],[
3.21,3.35],[
2.96,2.28],[
2.96,1.53],[
2.96,2],[
3.81,2.97],[
3.81,2.6],[
3.81,3.3],[
2.74,2.57],[
2.74,2.12],[
2.74,2.75],[
2.74,2.03],[
2.74,2.14],[
2.74,0.75],[
2.66,2.03],[
2.66,2.16],[
3.28,3.2],[
3.28,2.5],[
3.28,3.75],[
2.96,2.5],[
2.96,1.45],[
3.22,2.17],[
3.22,2.1],[
3.22,3.19],[
2.59,1.95],[
2.57,1.95],[
2.59,1.72],[
2.57,1.72],[
2.59,1.6],[
2.57,1.6],[
2.96,2.91],[
2.96,2.58],[
3.46,4],[
3.45,4],[
3.46,3.78],[
3.45,3.78],[
3.04,2.71],[
3.04,2.42],[
3.04,3.5],[
3.6,3],[
3.6,2.8],[
3.6,0],[
3.83,3.41],[
3.83,3.03],[
3.05,2.8],[
3.05,2.64],[
3.05,3.4],[
3.15,2.61],[
3.15,2.23],[
3.63,3.03],[
3.62,3.03],[
3.63,3.15],[
3.62,3.15],[
3.63,3.75],[
3.62,3.75],[
2.12,1.78],[
2.12,1.75],[
2.12,0],[
3.38,3],[
3.38,2.7],[
3.38,3.75],[
2.94,2.21],[
2.94,1.78],[
2.94,1.56],[
2.94,1.39],[
2.55,2.53],[
2.55,2.28],[
3.05,3.16],[
3.05,2.3],[
2.94,2.34],[
2.94,2.09],[
2.94,2],[
3.28,3.34],[
3.28,2.43],[
2.88,2.23],[
2.88,1.4],[
3.32,3],[
3.32,2.83],[
3.12,2.82],[
3.12,2.62],[
3.12,2.75],[
2.85,2.74],[
2.85,2.48],[
2.57,2.17],[
2.57,2.05],[
2.57,1.8],[
3.05,2.42],[
3.05,2.56],[
3.07,3.27],[
3.07,2.9],[
3.08,3.21],[
3.08,2.75],[
2.89,2.44],[
2.89,2.48],[
2.89,0],[
2.89,2.54],[
2.89,2.55],[
2.89,4],[
2.65,2.03],[
2.65,2.17],[
2.96,2.7],[
2.96,2.53],[
3.63,3],[
3.63,2.85],[
3.09,2.54],[
3.09,2.25],[
3.25,3.03],[
3.25,2.82],[
3.06,2.53],[
3.06,2.45],[
2.84,2.65],[
2.84,2.42],[
3.03,2.23],[
3.03,1.6],[
3.03,0],[
3.11,2.35],[
3.11,2.43],[
2.91,2.73],[
2.91,1.95],[
3.36,3.07],[
3.36,2.5],[
3.36,1.8],[
3.53,2.83],[
3.53,2.53],[
3.53,0],[
2.99,3.53],[
2.99,3.6],[
3,2.43],[
3,2.38],[
3,1.5],[
2.92,2.78],[
2.92,2.53],[
3.74,2.73],[
3.74,3.1],[
3.58,2.59],[
3.58,1.75],[
3.15,2.85],[
3.15,2.53],[
3.15,2.75],[
3.63,3.28],[
3.63,2.73],[
2.79,3.04],[
2.79,2.63],[
2.79,4],[
3.8,2.83],[
3.8,2.79],[
3.28,2.77],[
3.28,2.27],[
2.97,2.84],[
2.97,2.36],[
2.97,3.57],[
2.76,2.75],[
2.76,2.03],[
2.76,2],[
3.27,2.58],[
3.27,2.06],[
3.27,2.6],[
3.75,3.24],[
3.75,2.9],[
3.75,4],[
3.13,3.03],[
3.11,3.03],[
3.13,2.89],[
3.11,2.89],[
3.13,3],[
3.11,3],[
3.44,2.64],[
3.44,2.39],[
3.56,3.1],[
3.55,3.1],[
3.56,2.83],[
3.55,2.83],[
3.16,2.37],[
3.16,2.48],[
3.63,2.7],[
3.63,2.32],[
3.26,2.91],[
3.26,2.44],[
3.71,2.9],[
3.71,2.77],[
3.19,0.74],[
3.32,2.72],[
3.32,2.35],[
2.1,2.18],[
2.1,1.97],[
2.1,2.75],[
3.24,3.13],[
3.24,2.78],[
3.24,3],[
2.87,2.59],[
3.03,2.59],[
2.87,2.25],[
3.03,2.25],[
3.22,3.57],[
3.22,2.77],[
3.22,3.5],[
3.16,2.74],[
3.16,2.08],[
3.16,2.7],[
3.4,2.8],[
3.4,2.68],[
3.4,0],[
3.25,2.67],[
3.25,2.45],[
3.25,2.4],[
3.19,2],[
3.19,1.5],[
3.75,3.63],[
3.75,3.25],[
3.4,1.84],[
3.4,0.85],[
3.4,2],[
3.2,2.93],[
3.24,2.93],[
3.2,3.04],[
3.24,3.04],[
3.2,3.75],[
3.24,3.75]
